#!/usr/bin/env ruby-with-env
require "rubygems"
dir = File.expand_path(File.join(File.dirname(__FILE__), ".."))

arg_list = {}
ARGV.each do |text|
	match = text.match(/--([a-z]+)=(.+)/i)
	if match
		arg_list[match[1]] = match[2]
	end
end

#RAILS_ENV = arg_list["env"] || ENV["RAILS_ENV"] || "development"
RAILS_ENV = "production"
Dir.chdir dir
require File.join("config", "environment")

items = [33475,36942,43651,49623,46017,46016,40332,39759,51876,51003,51913,50790,39267,51887,50966,47213,39296,49792,40192,47919,47608,47992,47853,46340,37853,46213,46214,46215,46216,46217,46218,46219,46220,46221,46222,46223,46224,39233,48055,47910,46225,46226,46227,46228,45868,46035,47551,40250,39190,50114,50115,50116,50117,50118,50647,49989,50675,50021,47508,50366,50359,46068,45440,39246,47930,47619,50658,50005,39420,37241,45226,47494,49078,50266,51931,50772,40189,48056,47911,37192,49490,49308,50619,50188,44914,39702,50211,40558,45708,47239,47233,50731,50429,39294,48044,47899,47962,47809,40343,45663,47474,47313,47208,47203,45680,47916,47610,47496,45316,40736,47935,47680,47459,47298,42549,47954,47739,41168,48008,47869,40265,50375,50377,50404,50398,52572,50402,50400,50388,50384,52570,50387,50386,52569,50403,50397,52571,50401,50399,50376,50378,45493,50707,50067,39734,48705,49482,45872,39217,44311,45204,37884,47975,47741,40371,47443,47282,40719,47237,47054,45303,37694,46048,39193,50271,50604,49949,47732,40586,50993,47476,47315,48027,47888,46966,46959,39278,40198,40324,40739,37668,47214,50228,47422,47261,47504,40475,47085,47079,47448,47287,45559,51854,51025,42129,42130,42132,42131,42133,42128,42134,42136,42137,42135,50726,50354,40693,47585,47586,43994,45556,47447,47286,47444,47283,50691,50036,45505,45241,44302,47153,47152,45553,39735,47170,47231,50996,47469,47308,50994,40200,50270,45827,45467,48002,47863,50671,50015,45895,47181,45455,45508,48054,47909,45151,47207,47195,47924,47615,46991,46990,47998,47859,45333,45830,50451,47112,47107,48009,47870,47460,47299,45824,45548,47419,47258,45550,40260,45829,47929,47669,40302,49808,40384,49785,50682,50023,47947,47728,45306,47426,47265,47174,47143,47141,47485,47324,47438,47277,40209,46009,40325,39764,47173,45460,40338,48019,47880,49116,45888,50458,50692,50035,47579,47580,49811,49841,50265,39293,48050,47905,40497,50303,49682,50207,45540,49899,45833,40742,39271,46980,46979,45208,47941,47724,47517,43990,51902,50801,47660,45484,40194,51815,51788,49894,50681,50024,50308,39279,50980,48699,47002,46999,47429,47268,49790,46351,51853,51325,50727,50178,49477,49322,47427,47266,50275,50276,50277,50278,50279,45522,50724,50182,47729,51846,51384,50639,49983,51851,51379,51883,50988,50687,50030,50732,50427,50672,50412,50203,40543,45554,45130,43500,47553,51937,50760,51915,50788,39235,49845,50660,50003,40363,39282,43727,43728,43729,43730,43731,50609,49975,46967,46961,47414,47253,51938,50759,40748,45135,40326,45260,40592,47201,40246,49907,45562,39189,40269,40270,46986,46985,47560,40409,39215,45513,51920,50783,50632,50416,40367,49234,49231,47423,47262,47482,47321,47097,47092,44297,45378,40549,45483,45501,46989,46988,39196,49238,49235,47099,47090,44182,50665,50009,46346,45565,40387,45610,44004,49797,50292,47068,47056,40734,51918,50785,47155,47151,50611,49960,50630,50417,40274,39195,51907,50796,46345,47581,47582,47066,47055,47455,47294,45149,37620,47989,47850,47111,47108,47442,47281,45301,39729,40306,47074,47073,45275,40330,50263,46322,45608,45249,49080,46965,46960,40365,45305,45445,47147,47142,47176,45867,46039,47591,47592,40203,47478,47317,47219,41388,41394,47658,47521,45820,40345,50640,49986,45485,50709,50415,49118,45587,50616,49976,47978,47835,40334,49495,45975,47550,40383,39726,40405,50689,50038,47178,46097,47920,47578,49838,50965,50968,47519,50982,51862,51017,40378,51849,51381,40679,39472,44658,40071,47958,47742,47146,47138,42552,47060,47043,47433,47272,39394,45443,45166,40210,50312,43998,47209,47204,45524,51840,51551,40279,51870,51009,45531,51923,50780,45941,47244,40539,47964,47811,50294,40319,51861,51018,47086,47082,47449,47288,47471,47310,40453,39239,46968,46962,45712,50969,45676,50264,49846,39188,51871,51008,46008,51808,50300,47977,47837,40301,45157,40427,39401,39407,50997,47439,47278,43732,46230,49316,45329,51936,50761,39393,45074,47524,39225,40254,39297,47095,47089,40724,51888,50859,39404,48668,46347,39425,49823,45322,45319,40252,48673,48669,48670,48675,47418,47257,48674,45248,47731,49852,49331,47684,49799,47968,47815,49788,51929,50774,50620,50187,47915,47607,39146,51842,51548,45150,47988,47849,37852,45930,45291,45609,40437,45694,45495,46154,46173,46175,46155,46179,46181,46174,46180,46156,46176,46153,46177,46152,46182,46178,46172,46197,46111,46118,46120,46113,46119,46115,46121,46116,46122,46117,46135,46140,46139,46137,46136,46188,46163,46132,46129,46133,46134,46130,46195,46165,46191,46189,46158,46183,46161,46184,46185,46160,46196,46159,46186,46157,46187,46192,46194,46170,46168,46193,46142,46143,46144,46145,46141,46190,46146,46162,46148,46166,46164,46151,46169,46150,46167,46149,46123,46124,46125,46126,46127,46205,46212,46207,46200,46199,46206,46201,46209,46210,46202,46203,46211,46204,46198,46208,45612,45117,39275,39473,47084,47081,51908,50795,47145,47140,51930,50773,46973,46972,45558,49074,49317,50661,50006,50684,50033,39718,50349,50352,50356,51928,50775,40374,45617,40438,40296,45864,45532,45464,40247,51837,51554,46231,39295,49330,45435,39768,40287,39409,45250,50392,50766,50391,50765,50769,50396,50393,50394,50768,50767,47659,40429,40184,43733,45497,49469,40261,47576,47577,47595,47596,47967,47810,50613,49978,40701,47468,47307,40208,49844,50721,50175,50603,49919,43734,43735,43736,43737,43738,49843,46964,46963,50050,47528,39247,40741,37361,47004,47000,47412,47251,47486,47325,50646,49987,39724,45078,45077,40348,48030,47890,47957,47747,45504,50240,50241,50242,50243,50244,45533,47467,47306,44303,46038,48052,47907,42989,42990,42987,44253,44254,44255,42988,46232,46233,46234,46235,46236,46237,46238,46239,46240,46241,39241,48005,47866,46010,45605,47003,46997,47430,47269,39701,41639,41624,41839,42114,42115,42564,42513,42362,41629,41616,41831,42280,42322,41634,41620,41835,40982,40888,41086,41142,41156,41204,41216,42232,42208,42064,42066,42062,42065,42063,42067,42068,41897,41880,41908,41892,42317,41772,41677,41666,41660,41714,40784,40806,40824,40845,40863,42525,42384,42010,41992,42016,41997,42004,44420,42352,40974,40879,42332,40975,40880,42537,42227,42495,42588,42583,42578,41286,41320,41297,41309,41274,41766,41671,41654,41682,41649,42265,42270,42852,42614,41080,41136,41150,41198,41210,42490,40991,41006,41018,41032,41043,41873,41853,41863,41868,41858,42255,40905,40926,40932,40938,40962,42030,42032,42029,42033,42031,42027,42028,42519,42327,40786,40804,40823,40844,40862,42275,42290,42570,42531,42485,42260,40990,41000,41012,41026,41037,41074,41054,41229,41939,41914,41926,41933,41920,40785,40805,40825,40846,40864,42242,42559,42248,42620,41964,41945,41970,41951,41958,42285,42346,42390,42607,42602,42597,42502,41902,41884,41069,41048,41234,42237,42450,44419,41064,41059,41224,41292,41326,41303,41315,41280,46242,46243,46244,46245,46246,50363,50362,41610,51895,50808,49890,44306,39417,47464,47303,47428,47267,51919,50784,51924,50779,50686,50032,47131,47115,45555,50649,49996,47515,45264,40257,39141,45494,46018,39245,40275,43555,40285,50622,50185,46025,47730,40062,49120,47938,47676,51866,51013,40723,39727,50348,50353,39263,50695,50040,40060,49901,40446,44203,45139,49480,49319,45299,44000,37191,44660,48671,45318,45461,45242,39272,40403,45138,46032,45224,46042,47417,47256,45588,46320,46341,45486,48666,47232,46971,46970,50468,43739,43740,43741,43742,43743,43744,43745,43746,43747,43748,47918,47611,47991,47852,45613,51834,51561,43749,43750,43751,43752,43753,43754,43755,43756,43757,43822,43820,43758,43759,43760,43761,47446,47285,50673,50022,43565,47709,47708,40255,50725,50181,43503,43502,43495,45521,43762,43763,43764,43765,43766,43767,43768,43769,43770,43771,43772,43773,43774,43775,43776,49896,42111,42101,48023,47884,47493,49832,48021,47882,40553,42555,40697,45866,40590,47527,45473,45119,39229,51824,51586,45702,49297,43995,40680,47939,47679,45292,50273,47960,47743,47597,47598,40385,47704,47710,39725,50260,50975,40237,49306,49492,49796,50212,50209,40323,48954,51821,51782,48955,48956,48957,51872,51007,45822,40373,45308,50197,46028,40298,49320,50701,50060,47677,47943,47717,47675,44210,40245,39732,40320,50733,49981,50650,49995,49830,40283,50290,45607,45471,44664,50262,47927,47663,48000,47861,47949,47727,46343,51886,50967,51892,50811,48018,47879,47523,37623,40346,45946,44183,39723,45287,48001,47862,47928,47618,45288,37171,37240,45162,45283,45185,45518,49806,51868,51011,40263,47516,50690,50037,51879,51000,50269,47425,47264,49491,46993,46992,44912,49307,45869,40511,40065,49895,45564,47205,47194,40519,40243,47979,47834,40258,47421,47260,48048,47903,48011,47872,50310,49834,50206,44073,44869,48697,45116,45459,50628,50205,50607,49950,48043,47898,39198,45454,50618,50186,40541,43777,43778,43779,43780,43781,49467,49466,49333,49332,51916,50787,51932,50771,45452,50297,49836,50830,50832,50842,50831,50836,50841,50837,50843,50844,50838,50834,50845,50839,50835,50833,51755,50272,50608,49968,45451,45823,39259,45954,41640,41625,41840,42116,42117,42565,42514,42364,41630,41617,41832,42281,42323,41635,41621,41836,40983,40889,41087,41143,41157,41205,41217,42233,45950,42209,42071,42073,42069,42072,42070,42074,42075,45953,41898,41881,45949,41909,41893,42318,45961,45962,41773,41678,41667,41661,41715,40787,40809,40827,40848,40868,42526,42385,45967,42011,41993,42017,41998,42005,44422,42353,40976,40881,45969,45952,42333,40977,40882,42538,42228,45951,45957,42496,42589,42584,42579,41287,41321,41298,41310,41275,41767,41672,41655,41683,41650,45968,45963,42266,42271,42853,42615,45956,41081,41137,41151,41199,41211,45960,42491,45970,40993,41007,41019,41033,41044,41874,41854,41864,41869,41859,42256,40907,40927,40933,40939,40963,42037,42039,42036,42040,42038,46373,42034,42035,42520,42328,40789,40807,40826,40847,40866,42276,45964,42291,45938,42571,45939,42532,42486,42261,40992,41001,41013,41027,41038,41075,41055,41230,45971,41940,41915,41927,41934,41921,40788,40808,40828,40849,40869,42243,42560,42249,45937,42621,41965,41946,41971,41953,41959,45955,42286,41903,41885,42347,45958,45966,42391,45948,45965,42608,42603,42598,42503,45959,41070,41051,41235,42238,42451,44421,41065,41060,41225,41293,41327,41304,41316,41281,45313,40431,45982,45990,43988,50697,50042,49802,51901,50802,48243,48233,48242,48244,48234,48241,45523,48245,48235,48240,48246,48236,48239,48247,48237,48238,47548,50977,40370,47492,47330,39262,37363,40316,47990,47851,50976,47567,47917,47609,45481,45835,40188,45310,50978,39197,45834,47197,45928,45997,49329,47217,47564,50713,50073,39712,39421,50606,49951,44333,44181,50318,51917,50786,49827,43459,43460,43458,45261,45295,37409,47229,37408,47076,47072,40278,45161,39308,40317,40327,39345,47563,47932,47621,47484,47323,47997,47858,40272,47925,47614,47937,47711,47227,40241,45826,43583,43585,43584,49303,49298,50730,50070,50984,45837,47240,47234,51874,51005,40262,39192,47498,43782,50983,40362,37172,40380,47956,47745,40349,46247,45312,45679,47177,47961,47744,45838,40238,47561,46043,40197,45109,45462,50981,47236,47235,45268,47945,47719,45444,45325,39733,45836,45943,45113,51880,50999,47735,45129,45525,45132,46342,45246,49820,37644,47993,47854,40339,47461,47300,39396,40526,45446,40703,50668,50014,49851,49321,43993,40489,45205,45330,47457,47296,45244,47154,47150,45701,47199,45988,48024,47885,45434,47473,47312,45542,40240,37693,42554,47520,39200,45203,49848,40256,50305,50625,50190,45549,44204,45839,45512,40242,45147,45893,47802,47797,47803,47801,47796,47804,47800,47795,47805,47799,47794,47806,47798,47793,47807,50663,50011,51893,50810,40491,51943,51799,49483,40721,46067,50051,39423,40699,51926,50777,39243,37886,39285,45293,45487,45228,50615,49979,43783,45273,45927,46248,47230,47487,47326,45520,50447,49840,41638,41332,41830,42110,42112,42563,42512,42359,41628,41330,41827,42279,42321,41633,41331,41828,40972,40887,41085,41141,41155,41203,41215,42231,42207,42057,42059,42055,42058,42056,42060,42061,41896,41877,41907,41878,42316,41771,41676,41665,41659,41713,40781,40803,40820,40841,40860,42524,42383,42009,41991,42015,42001,42003,44418,42351,40966,40877,42331,40973,40878,42536,42226,42494,42587,42582,42577,41284,41319,41296,41308,41273,41765,41670,41653,41681,41648,42264,42269,42851,42613,41079,41135,41149,41162,41209,42489,40989,41005,41017,41031,41042,41872,41852,41862,41867,41857,42254,40904,40925,40931,40937,40961,42024,42025,42022,42026,42023,42020,42021,42518,42326,40783,40801,40819,40840,40859,42274,42289,42569,42530,42484,42259,40988,40999,41011,41025,41036,41073,41049,41228,41938,41913,41925,41931,41919,40782,40802,40821,40842,40861,42241,42558,42247,42619,41963,41944,41969,41950,41957,42284,41901,41879,42345,42389,42606,42601,42596,42501,41068,41050,41233,42236,42449,44417,41063,41047,41223,41291,41325,41302,41314,41279,39270,51903,50800,47415,47254,40408,50737,50012,47687,40304,44007,47678,51805,48709,47733,45158,50641,49982,49789,51848,51382,48693,47681,50736,50426,40234,39391,49906,47491,47329,48386,48396,48391,48456,48466,48461,48387,48397,48392,48458,48468,48463,48457,48467,48462,48388,48398,48393,48459,48469,48464,48389,48399,48394,47475,47314,48460,48470,48465,48390,48400,48395,49470,47965,47813,39405,49478,47690,47694,39760,47686,40235,44296,49468,47172,47685,39260,47497,48042,47897,50679,50026,45502,45164,40344,48034,47891,47682,47942,47718,47959,47746,50214,39403,39399,47220,47674,40340,45687,40328,49479,37642,40069,50355,39558,39560,39561,39564,39565,39521,39514,39582,39578,39580,39581,39579,39606,39611,39609,39610,39622,39605,39612,39607,39613,39608,39545,39544,39557,39543,39553,39531,39539,39555,39548,39554,39538,39556,39542,39546,39547,39597,39602,39593,39601,39591,39592,39583,39594,39595,39589,39604,39596,39590,39588,39603,39491,39495,39493,39492,39494,39519,39530,39517,39529,39528,39496,39500,39498,39497,39499,39523,39638,39633,39640,39634,39632,39630,39639,39628,39635,39641,39636,39642,39637,39631,39629,39515,39617,39623,39625,39618,39624,39619,39626,39620,39627,39621,39518,40266,51857,51022,50304,50700,50061,49494,48714,47695,47693,47689,40562,47692,40329,45996,49824,37645,45252,50698,50059,40451,43586,43587,43588,52021,50285,45886,50329,50332,50729,50065,51914,50789,51899,50804,40481,47953,47736,47994,47855,47921,47617,45887,51906,50797,46344,40488,49805,43566,47445,47284,51814,51789,50235,40369,43594,43595,43593,40342,47671,47670,40711,47668,40712,50454,45509,50456,45270,46138,50457,40713,40321,39757,45314,50656,50001,48036,47892,40432,50720,50174,45551,40406,39717,51867,51012,39281,39761,45489,45688,45689,45690,45691,45193,45171,37170,45711,45935,38322,45075,45271,39307,45107,51831,51564,45307,45282,40206,45227,51841,51550,47552,49040,37835,40694,40388,49323,49476,49475,49325,49324,49474,50642,49985,47451,47290,47078,47069,49299,50710,50184,47783,47788,47782,47784,47789,47778,47785,47790,47780,39416,47786,47791,47779,47787,47792,47781,37784,47752,47762,47753,47748,47761,47754,47750,47760,47755,47749,47759,47756,47751,47758,47757,44305,51882,50990,45284,46024,46249,46250,46251,46252,46253,39140,47599,47600,48501,48491,48500,48558,48548,48557,48560,48550,48555,48502,48492,48499,48559,48549,48556,48503,48493,48498,48561,48551,48554,48504,48494,48497,48562,48552,48553,48505,48495,48496,49807,43611,47501,40743,47554,45418,51838,51553,50728,50180,50712,50072,50821,50107,50822,50827,50826,50108,50825,50109,50819,50113,50828,50106,50824,50820,50823,40402,50708,50179,40681,40561,50696,50041,45892,39720,47202,40201,47450,47289,39224,50450,50623,50199,40331,47440,47279,43784,40333,39280,45468,40398,50645,49988,46034,37362,46254,39408,45324,47479,47318,47228,46975,46974,47189,47187,47931,47620,45488,47185,44011,46019,39309,45482,47480,47319,51823,51777,47249,47062,47051,37669,45274,45844,45544,40560,45845,37791,51897,50806,45894,40352,45846,49891,47171,47132,47121,43991,47087,47083,45536,47061,47052,50612,49964,37695,40204,40379,50229,47191,47184,45843,51829,51566,40196,49847,47466,47305,51817,51786,47465,47304,44205,40318,47067,47057,47434,47273,45936,49794,39258,49903,47902,47495,40589,47503,45594,47976,47836,48047,47970,47830,45841,47190,47186,47420,47259,40376,48004,47865,45848,49898,45115,48631,48617,48626,48652,48651,48657,48654,48649,48659,48630,48618,48625,48598,48588,48593,48596,48586,48591,48653,48650,48658,48597,48587,48592,48629,48619,48624,48655,48648,48660,48628,48620,48623,48656,48647,48661,48627,48621,48622,48595,48585,48590,48599,48589,48594,50302,50460,47664,45510,40707,40191,40706,40705,40337,50461,45436,45145,50455,40268,47661,47662,50989,51826,51584,40336,44662,45167,45289,48032,47913,50052,45563,49900,34149,50328,50864,50862,50327,50868,50866,50863,50867,50326,50861,50325,50860,50324,50865,50869,49892,40716,37788,50702,50063,51935,50762,47001,46996,45148,40532,42320,42325,42335,42493,42528,42349,44425,44426,42367,42540,42534,42505,42497,40795,40814,40834,40854,42623,40874,41312,41289,41323,41300,42581,41277,41663,41775,41680,41669,42592,41717,42393,41318,41295,41329,41306,42586,41283,42230,42251,42273,42283,42293,42488,42567,42355,42573,42387,41089,41145,41159,41207,41219,41955,41973,41948,41961,41967,40911,40929,40935,40941,42617,40965,40794,40815,40835,40855,40876,42330,41861,41876,41856,41866,41871,41923,41942,41917,41929,41936,41652,41769,41674,41657,41685,40996,41003,41015,41029,42600,41040,41083,41139,41153,41201,42610,41213,40997,41009,41021,41035,42605,41046,42211,42245,42278,42288,42263,42235,42258,42268,42522,42516,42562,42452,42000,42019,41995,42007,42013,40793,40813,40833,40853,40873,40654,40655,40662,40663,40658,40660,40656,40657,40664,40665,40659,40661,40647,40646,40650,40651,40648,40649,42125,41900,41906,41911,42083,42049,42120,42085,42052,42086,42051,41619,41623,41627,41632,41637,41642,42087,42054,42089,42053,42127,41237,41232,41227,46375,42090,42048,42121,42091,42050,40980,40981,40985,40885,40886,40891,41883,41887,41895,41834,41838,41842,41053,41057,41062,41072,41077,41067,39257,51875,51004,50979,50970,48028,47889,45456,50614,49977,44934,47955,47700,40080,51812,51791,49791,48713,45498,50196,49783,47601,47602,50621,50183,47130,47114,47489,47327,48039,47894,39226,51898,50805,50357,45870,47549,40691,47490,47328,47238,47225,37855,50723,50177,50971,40430,47502,50987,48158,48171,48164,48162,48172,48163,48213,48203,48212,48132,48142,48133,48214,48204,48211,48102,48141,48134,48130,48140,48135,48215,48205,48210,48161,48168,48167,48216,48206,48209,48129,48139,48136,48217,48207,48208,48131,48138,48137,48160,48170,48165,48159,48169,48166,45266,45492,50230,47713,40555,43785,45300,47210,47226,47716,46255,40063,49854,40286,40439,39310,40351,47707,39719,45832,45514,45253,47509,40531,47734,47243,45696,50610,49967,51934,50763,47522,49828,47691,47529,47688,39398,44050,39766,45108,51377,42124,42123,39470,51378,42126,42122,40591,50636,50424,47212,47603,47604,45503,50974,46051,39284,51910,50793,50693,50414,45285,47481,47320,50467,45993,45111,46339,39467,49784,40684,47206,47193,49076,50738,49997,49837,45931,47583,47584,42103,42100,50213,48695,47518,49839,49831,50283,50345,50340,40368,47470,47309,44310,46046,40486,45262,39251,50652,49993,50198,48025,47886,49484,49315,50688,50413,39419,44504,49481,49318,51909,50794,50259,44665,50648,49992,50631,50472,45350,46309,46260,46261,46262,46263,46264,46265,46266,46267,46268,46269,46270,46271,46272,50191,45709,51927,50776,40377,48341,48355,48346,48343,48353,48348,48312,48324,48317,48342,48354,48347,48284,48293,48286,48310,48325,48316,48280,48292,48287,48313,48323,48318,48314,48322,48319,48282,48291,48288,48345,48351,48350,48315,48321,48320,48283,48290,48289,48281,48294,48285,48344,48352,48349,50627,50195,45450,39240,45713,45480,50735,50425,50313,46044,44006,42239,42240,39427,44074,44870,50296,48010,47871,47513,40280,40412,45238,37798,51833,51562,40746,49818,49825,51850,51380,45490,43786,46256,47435,47274,50169,48710,47714,47245,39397,51911,50792,47715,45321,40299,47702,45474,47250,47705,47996,47857,48046,47901,47944,47720,50208,47999,47860,47969,47829,47697,39704,47500,46022,48003,47864,46015,45133,45539,39232,51863,51016,44659,40678,45699,45933,46047,45517,44005,48045,47900,45448,45294,45237,45665,50365,50360,40737,46350,49904,50694,50056,43787,43788,43789,43790,43791,40284,39234,37696,50699,50062,51889,50858,48007,47868,47934,47703,45615,45685,39306,47511,49855,45134,45552,40366,45326,46086,46087,46088,40722,40696,40187,50659,50002,43592,43591,43590,49499,49486,49313,49804,44295,45675,39252,51890,50852,50286,40704,47436,47275,47063,47042,48040,47895,50705,50069,40700,49821,49905,45141,51941,51801,46045,45972,45682,39731,49902,50358,49487,49312,49463,49310,49812,39283,45168,45286,45257,45259,50046,50049,50047,50048,40061,45235,50674,50020,49500,43792,46257,45865,45240,40749,51905,50798,39299,45234,39139,45140,45298,47951,47737,49302,49301,50215,50470,34146,43793,43794,43795,43796,43797,43798,43799,43800,43801,43802,43803,43804,43805,43806,43807,37401,47514,47477,47316,47188,47182,49496,49497,45311,48412,41641,41626,41841,42118,42119,42566,42515,42366,41631,41618,41833,49189,49191,42282,42324,41636,41622,41837,40984,40890,41088,41144,41158,41206,41218,42234,48406,42210,42078,42080,42076,42079,42077,42081,42082,48414,49187,49179,41899,41882,48404,49181,41910,41894,42319,48426,48428,41774,41679,41668,41662,41716,40791,40811,40830,40851,40871,42527,42386,48442,42012,41994,42018,41999,42006,44424,42354,40978,40883,48515,48523,42334,40979,40884,42539,42229,48517,48507,42498,42591,42585,42580,41288,41322,41299,41311,41276,41768,41673,41656,41684,41651,48444,48432,42267,42272,42854,42616,48521,41082,41138,41152,41200,41212,48513,42492,48408,40995,41008,41020,41034,41045,41875,41855,41865,41870,41860,42257,40910,40928,40934,40940,40964,42044,42046,42043,42047,42045,46374,42041,42042,42521,42329,40790,40810,40829,40850,40870,42277,48435,42292,48420,42572,48422,42533,42487,42262,40994,41002,41014,41028,41039,41076,41056,41231,48519,41941,41916,41928,41935,41922,40792,40812,40831,40852,40872,42244,42561,42250,48424,42622,41966,41947,41972,41954,41960,48410,42287,42348,48509,48440,42392,48402,48438,42609,42604,42599,42504,49183,41904,41886,48511,41071,41052,41236,49185,42483,44423,41066,41061,41226,41294,41328,41305,41317,41282,45547,43989,45142,47526,40720,39292,39703,39390,39274,43461,43469,48711,50676,50016,49493,45309,50704,50068,49813,50268,51822,51779,49822,47075,47070,49803,40375,49121,39250,40717,50644,49990,50664,50008,50453,47224,47223,45438,39244,44935,45515,47413,47252,51860,51019,45086,40294,43808,46258,50629,50418,51813,51790,44180,39242,40602,49786,47453,47292,48051,47906,45272,49897,47922,47612,37238,40702,51878,51001,50680,50027,50444,43085,50718,50074,47587,47588,47605,47606,50734,50428,46021,51560,45232,51558,49309,51559,51557,45331,40372,45437,45239,48184,48174,48181,48183,48173,48182,48192,48202,48193,48153,48143,48152,48188,48201,48194,48154,48144,48151,48155,48145,48150,48190,48200,48195,48187,48177,48178,48189,48199,48196,48156,48146,48149,48191,48198,48197,48157,48147,48148,48185,48175,48180,48186,48176,48179,45423,50617,49980,49437,39194,50284,40075,39369,40297,43996,45599,40745,47109,47106,39706,47424,47263,45698,47952,47738,49237,49236,47456,47295,39254,51285,51154,51286,51153,51287,51152,51288,51151,51289,51150,51280,51159,51281,51158,51282,51157,51283,51156,51284,51155,51255,51184,51260,51179,51256,51183,51261,51178,51262,51177,51257,51182,51258,51181,51259,51180,51263,51176,51264,51175,51230,51209,51231,51208,51232,51207,51233,51206,51234,51205,51244,51195,51242,51197,51238,51201,51243,51196,51248,51191,51239,51200,51247,51192,51237,51202,51236,51203,51246,51193,51240,51199,51235,51204,51245,51194,51249,51190,51241,51198,51290,51149,51301,51138,51291,51148,51295,51144,51296,51143,51302,51137,51297,51142,51303,51136,51292,51147,51304,51135,51298,51141,51300,51139,51299,51140,51293,51146,51294,51145,51275,51164,51265,51174,51266,51173,51276,51163,51270,51169,51271,51168,51267,51172,51272,51167,51277,51162,51268,51171,51278,51161,51269,51170,51279,51160,51273,51166,51274,51165,51310,51129,51305,51134,51306,51133,51311,51128,51307,51132,51312,51127,51308,51131,51313,51126,51309,51130,51314,51125,51250,51189,51251,51188,51252,51187,51253,51186,51254,51185,51225,51214,51220,51219,51226,51213,51221,51218,51222,51217,51227,51212,51223,51216,51228,51211,51224,51215,51229,51210,49893,44202,45258,45441,49233,49232,47454,47293,47940,47721,40107,50717,50172,45530,50722,50176,45243,46014,51912,50791,45143,45267,47570,47571,45557,37643,44309,39216,45831,40271,39721,37242,47088,47080,51900,50803,45567,49810,47175,45466,45214,51865,51014,45170,47995,47856,45511,39311,43809,43811,43812,43813,43814,43815,43816,43817,43818,43819,50654,50411,51816,51787,50655,50000,50094,50857,50855,50095,50856,50096,50854,50097,50853,51922,50781,49816,50098,50624,50192,46273,46274,46275,46276,46277,51904,50799,39277,50678,50025,45534,51843,51387,45871,50311,45945,50210,40108,45210,48038,47893,47933,47683,50466,40236,45947,50315,49787,40341,45146,46011,50087,50088,50089,50090,50105,40410,49888,50972,50719,50173,50653,49998,51881,50998,49817,51806,45821,48722,37194,49304,49498,52020,48672,45529,51933,50764,45317,48667,40253,46977,46976,45704,39716,45707,45825,45297,49464,49488,46105,46104,46103,45876,45974,51811,51792,47699,40185,45697,47926,47616,40414,45136,43810,46259,40315,47923,47613,47221,45245,45265,51864,51015,51839,51552,48049,47904,39249,47698,50234,47701,46037,45251,45320,47696,50715,50171,50643,49991,45543,51859,51020,47712,47706,45535,50474,50309,45541,47452,47291,40251,49826,39415,51873,51006,46278,46279,46280,46281,46283,46282,46284,46285,46286,46287,45469,45929,50298,40207,45144,40715,47672,50462,50459,39715,40714,45254,47673,44308,44283,40399,47200,51884,50986,46096,40426,45247,40718,40585,39389,47157,47149,45874,49489,40407,47506,45128,50633,50421,50364,50361,49296,40386,39765,47512,45327,51921,50782,51828,51582,51825,51585,37670,50657,49999,49819,51830,51565,37622,45570,47129,47126,47462,47301,39344,40282,40751,50346,50339,50605,49952,50626,50202,49305,47059,47041,47432,47271,45611,49795,45186,45442,51858,51021,51894,50809,46095,40382,49798,45527,50291,51925,50778,37407,49485,45703,50293,40594,40305,40288,39237,51847,51383,39230,47972,47832,47569,39379,48701,45566,48708,42113,42102,45819,45560,41386,41391,50295,45222,43612,40190,40300,45695,39388,49800,39191,49835,49833,51819,51784,40264,50233,37360,45457,45212,40455,39255,39422,37883,37193,51845,51385,40205,45616,46041,46050,45620,45614,46323,45619,45976,45114,45118,46969,46958,45225,50449,45700,45315,48041,47896,51827,51583,45458,51942,51800,47156,47148,49327,49473,49471,49472,49328,49326,45233,45304,45332,45106,46040,47192,47183,50314,40074,47416,47255,45973,47525,47483,47322,39256,39273,50635,50423,40682,47574,47575,47593,47594,45618,46321,48017,47878,48015,47876,48016,47877,48013,47874,48012,47873,48014,47875,47773,47763,47772,47774,47764,47771,47775,47765,47770,47776,47766,47769,47777,47767,47768,48053,47908,37254,40474,50227,40273,50299,39722,51807,47546,47562,47064,47053,40289,40381,51832,51563,39261,51945,51797,50716,50075,51856,51023,51891,50812,51877,51002,47437,47276,48724,47946,47726,46995,46994,48663,49842,49465,49849,43573,47215,45076,51939,51803,45989,41387,41392,49501,46288,46289,46290,46291,46292,40314,40313,40309,40312,40307,40310,40311,39395,48474,48490,48481,48531,48547,48538,48529,48545,48540,48480,48489,48482,48537,48546,48539,48472,48488,48483,48533,48544,48541,48476,48487,48484,48535,48543,48542,48478,48486,48485,51896,50807,45859,47133,47116,47216,45877,47218,47950,47740,43613,40685,47110,47105,47458,47297,48703,51869,51010,37667,45507,47973,47816,40239,49128,49126,49123,40244,39758,50651,49994,50306,45112,45479,47966,47808,45449,44002,39276,39424,48712,39468,40396,40233,47566,48366,48356,48365,48368,48358,48363,48337,48327,48334,48367,48357,48364,48296,48306,48301,48336,48326,48335,48297,48307,48302,48338,48328,48333,48339,48329,48332,48298,48308,48303,48370,48360,48361,48340,48330,48331,48299,48309,48304,48295,48305,48300,48369,48359,48362,51855,51024,51844,51386,40186,45255,40064,51836,51555,39231,50706,50351,48974,48975,48976,48999,49000,46076,46077,46078,44891,44892,44893,48977,48978,46058,46059,44903,48983,46057,51570,51571,48991,48997,46079,46080,48979,46071,46072,44894,44895,44910,44909,46064,46063,44907,44906,44908,48998,48987,48988,46062,46061,44904,48990,51568,51569,44901,44902,48992,48993,46065,46066,44905,48994,46060,46083,46085,46081,46084,46082,44896,44897,44898,51573,51572,51581,51580,51578,51579,51577,44899,44900,51574,51575,51576,46073,46074,46075,48980,48981,48982,45110,42646,42643,43582,42642,42645,49853,47589,47590,42647,42644,47572,47573,45496,40428,41383,44948,44926,41257,41384,42435,42508,45085,45538,40395,39291,39762,44657,46033,50670,50333,47665,40322,47666,40709,40267,39728,47667,40710,50463,45169,40708,50464,40335,46031,45840,49793,50685,50028,45677,40747,45561,47248,46030,45537,47077,47071,45302,50711,50071,39236,51947,51795,43484,43481,47568,47510,42551,39386,40277,40193,39756,40588,45940,39248,48602,48616,48607,48632,48642,48641,48634,48644,48639,48603,48615,48608,48574,48583,48576,48568,48581,48578,48633,48643,48640,48564,48582,48577,48604,48614,48609,48635,48645,48638,48605,48613,48610,48636,48646,48637,48606,48612,48611,48572,48580,48579,48566,48584,48575,40281,47463,47302,47113,47104,45296,45256,50267,45236,45334,44949,50703,50064,46013,39767,45269,50344,50341,45934,40566,50319,49801,44008,45439,44003,40350,47222,50714,50170,51944,51798,49829,40683,45375,45381,45382,45376,45370,45371,45383,45372,45377,45384,45379,45385,45380,45373,45374,40495,40496,40499,40500,40502,40456,45391,45386,40447,40504,40505,40506,40507,40503,45340,45335,45336,45341,45337,45342,45338,45343,45339,45344,45419,45417,45420,45421,45422,40525,40544,40527,40546,40545,40528,40547,40529,40548,40530,40467,40466,40472,40460,40473,40461,40462,40493,40470,40471,40463,40494,40465,40468,40469,40523,40521,40515,40520,40509,40514,40510,40516,40517,40512,40524,40518,40513,40508,40522,40416,40415,40417,40418,40419,40445,45387,40454,45392,46131,45365,45367,45369,45368,40448,45388,40459,45393,46313,45351,45355,45345,45356,45346,45347,45357,45352,45358,45348,45359,45349,45353,45354,40457,45394,40421,40420,40422,40423,40424,40458,45395,40579,40574,40581,40575,40570,40572,40580,40571,40576,40583,40577,40584,40578,40573,40569,40449,45389,40550,40559,40565,40552,40563,40554,40567,40556,40568,40557,45360,45361,45362,45363,45364,40450,45390,45429,45424,45430,45425,45426,45431,45427,45432,45428,45433,45396,45397,45398,45399,45400,45413,45412,45406,45414,45401,45411,45402,45408,45409,45403,45415,45410,45404,45405,45416,47098,47093,51820,51783,47565,48219,48232,48223,48222,48231,48224,48218,48230,48225,48220,48229,48226,48221,48228,48227,46312,47547,39392,51835,51556,48073,48085,48078,47914,48035,47984,47982,48037,47983,48072,48086,48077,47980,48033,47985,48076,48082,48081,48074,48084,48079,48075,48083,48080,47936,48031,47986,47981,48029,47987,48020,47881,50995,45137,50991,40688,47545,40692,50193,50973,45519,46012,47096,47094,47974,47838,47431,47270,48026,47887,45686,40249,47948,47725,47963,47812,40695,42553,40401,46036,50469,45516,43992,45463,47144,47139,50992,50667,50010,47472,47311,40259,40689,45491,39298,40400,37619,51852,51326,39426,44312,40698,45472,51946,51796,37169,48006,47867,39199,45447,42550,39714,39228,50194,47971,47814,50343,50342,49124,48022,47883,39730,45847,45828,50677,50019,44930,44931,48254,48276,48263,48266,48256,48273,48250,48277,48262,48267,48257,48272,51940,51802,48252,48278,48261,48268,48258,48271,48253,48279,48260,48269,48259,48270,48251,48275,48264,48265,48255,48274,51804,45873,45453,40564,45470,41609,50452,46293,46294,46295,46296,46297,46298,46299,46300,46301,46302,46303,46304,46305,46306,46307,45165,37854,39221,39763,40740,40303,51403,51345,51342,51370,51336,51358,51452,51532,51404,51343,51340,51368,51406,51398,51445,51390,51344,51341,51369,51361,51364,51458,51459,51460,51461,51462,51525,51393,51515,51334,51348,51330,51346,51332,51354,51356,51401,51407,51337,51327,51365,51391,51339,51329,51367,51388,51440,51442,51426,51427,51428,51425,51430,51413,51414,51415,51416,51418,51396,51456,51528,51540,51538,51537,51536,51539,51402,51453,51359,51362,51524,51432,51392,51360,51363,51408,51439,51481,51516,51411,51429,51437,51423,51420,51421,51422,51419,51424,51493,51494,51495,51496,51492,51529,51444,51530,51443,51478,51472,51457,51503,51504,51505,51506,51508,51522,51394,51399,51509,51510,51511,51512,51514,51483,51484,51485,51486,51482,51527,51468,51469,51470,51471,51473,51335,51349,51331,51347,51333,51353,51355,51357,51531,51480,51541,51542,51543,51544,51545,51519,51446,51447,51395,51455,51412,51409,51449,51523,51497,51498,51499,51500,51502,51375,51372,51351,51454,51488,51489,51490,51491,51487,51474,51475,51476,51477,51479,51517,51533,51441,51450,51417,51467,51465,51464,51463,51466,51405,51521,51397,51518,51526,51431,51389,51448,51507,51513,51501,51410,51338,51328,51366,51520,51374,51371,51350,51451,51535,51400,51376,51373,51352,51434,51435,51436,51433,51438,45263,40733,47211,49809,45187,51885,50985,47441,47280,40738,48372,48385,48376,48436,48451,48450,48375,48384,48377,48429,48433,48430,48449,48453,48452,48371,48383,48378,48445,48447,48446,48373,48382,48379,48448,48455,48454,48374,48381,48380,45842,40433,44661,51818,51785,40750,50078,50850,50079,50848,50849,50080,50847,50081,50846,50082,48098,48088,48095,48068,48058,48065,48067,48057,48066,48097,48087,48096,48069,48059,48064,48101,48091,48092,48099,48089,48094,48100,48090,48093,48070,48060,48063,48071,48061,48062,40735,40347,46049,50638,50034,44313,43284,37141,43285,44200,37291,37641,37135,44244,37800,37858,37262,37195,37151,37257,37138,37590,37365,37714,37180,44248,37648,37680,37842,37678,37682,37183,45218,45991,37612,37666,37640,37634,44198,37722,37189,44193,37592,37162,37646,37891,37288,37176,37890,37846,37237,45206,45155,45184,37730,45217,37647,45810,37728,43406,37260,46328,46329,46326,46333,46332,46330,46335,46327,46331,46334,37845,37715,37686,37389,37294,37235,37165,37370,37721,37219,37876,37181,37184,37673,41264,40754,37290,37167,37366,37258,37367,43281,37222,37594,45812,43310,37190,37220,37216,43280,44247,37376,37699,42418,44063,42341,42413,42395,37631,44173,37613,37850,37867,37660,45995,37684,37364,45811,33350,37155,37244,37874,45216,45182,37614,37862,44199,37681,44194,37843,37152,37868,44176,45160,37175,37869,37687,37261,37153,41121,48945,37397,37217,43312,37618,37729,37639,43475,37230,37633,38618,37724,37144,37182,43311,37149,37636,37857,37221,44191,37723,44323,37179,37236,37814,45992,45131,45219,37616,37726,37872,43313,43286,37675,37688,37263,37717,37292,37856,38615,37848,45215,37637,42855,45994,38616,41164,37691,37398,37655,37873,37293,37373,44322,37390,44324,44179,37685,37632,37733,43410,37861,45207,37595,45154,37683,40490,37591,37377,37638,37731,37395,37851,37672,37818,37690,37635,45152,45213,37689,37264,40727,37692,37849,37188,37889,37649,37656,37374,45223,37799,44250,37671,37150,37371,37232,37174,44249,37196,45808,44201,43405,37654,43409,41165,37289,45156,45209,42557,42511,42356,42221,42295,41084,41140,41154,41202,41214,42212,42206,42294,41770,41675,41664,41658,41712,40779,40799,40817,40837,40857,42523,42382,42008,41990,42014,41996,42002,44416,42344,42297,42535,42213,42446,42574,42575,42576,41268,41269,41270,41272,41271,41643,41644,41645,41646,41647,42219,42220,42611,42612,41078,41134,41148,41160,41208,42445,40987,41004,41016,41030,41041,41847,41848,41849,41850,41851,42215,40898,40918,40930,40936,40960,42517,42296,40778,40797,40816,40836,40856,42222,42223,42568,42529,42447,42218,40986,40998,41010,41023,41024,41937,41912,41924,41930,41918,40780,40798,40818,40838,40858,42216,42556,42217,42618,41962,41943,41968,41949,41956,42224,42343,42388,42593,42594,42595,42448,42214,42444,44415,41290,41324,41301,41313,41278,37725,37256,45809,43282,37650,43403,37630,37840,37368,43287,37379,45813,37847,37628,37841,37629,37627,43408,37369,37657,37698,37652,37679,44257,37139,44195,37875,37732,37166,37593,37617,37384,37624,44192,45163,44174,44256,37218,43407,37178,43283,37658,45153,37653,37734,37245,37197,37134,37718,37712,37826,37255,37871,43402,37651,37615,37410,37697,37825,45159,45220,45183,45221,37243,43476,37870,37186,50741,45211,37801,37626,37177,43401,37625,37844,38617,44258,45181,37587,37735,44245,43404,37659]

items.each do |item_id|
	Armory::Job.enqueue(ItemIdentifyJob, :passed_args => {:item_id => item_id, :spec_type => ITEMS["OVERRIDES"][item_id]}, :priority => 2, :job_type => "item", :numerical_id => item_id, :local_only => true)
	Armory::Job.enqueue(ItemJob, :passed_args => {:item_id => item_id}, :priority => 2, :job_type => "item-base", :numerical_id => item_id, :local_only => true)
end

puts "Seeded #{items.length} items"